batch_size: 32, num_epochs: 150, num_layers: 3, hidden_dim: 256, learning_rate: 0.0005, dropout: 0.2, num_outputs: 3
trainable_params: 4213507
epoch	time	train_loss	train_balacc	train_prec	train_recall	train_f1	val_loss	val_balacc	val_prec	val_recall	val_f1
1	86.86	0.7732	0.6297	0.6566	0.6566	0.6566	0.6930	0.6753	0.6986	0.6986	0.6986
2	84.67	0.6634	0.6937	0.7136	0.7136	0.7136	0.6472	0.7134	0.7226	0.7226	0.7226
3	84.41	0.6137	0.7203	0.7383	0.7383	0.7383	0.6005	0.7294	0.7457	0.7457	0.7457
4	85.19	0.5663	0.7450	0.7608	0.7608	0.7608	0.5665	0.7415	0.7611	0.7611	0.7611
5	84.60	0.5280	0.7645	0.7788	0.7788	0.7788	0.5458	0.7623	0.7729	0.7729	0.7729
6	85.37	0.4860	0.7853	0.7979	0.7979	0.7979	0.5247	0.7735	0.7850	0.7850	0.7850
7	84.95	0.4498	0.8029	0.8144	0.8144	0.8144	0.5052	0.7763	0.7942	0.7942	0.7942
8	84.44	0.4188	0.8175	0.8280	0.8280	0.8280	0.4985	0.7904	0.8030	0.8030	0.8030
9	84.96	0.3927	0.8297	0.8393	0.8393	0.8393	0.4848	0.8019	0.8105	0.8105	0.8105
10	85.06	0.3707	0.8404	0.8493	0.8493	0.8493	0.4800	0.8028	0.8145	0.8145	0.8145
11	84.45	0.3495	0.8495	0.8579	0.8579	0.8579	0.4762	0.8077	0.8189	0.8189	0.8189
12	85.54	0.3311	0.8580	0.8659	0.8659	0.8659	0.4727	0.8142	0.8237	0.8237	0.8237
13	85.24	0.3151	0.8651	0.8726	0.8726	0.8726	0.4751	0.8189	0.8257	0.8257	0.8257
14	85.38	0.3018	0.8713	0.8784	0.8784	0.8784	0.4822	0.8238	0.8294	0.8294	0.8294
15	85.04	0.2894	0.8769	0.8836	0.8836	0.8836	0.4713	0.8241	0.8318	0.8318	0.8318
16	85.32	0.2783	0.8819	0.8883	0.8883	0.8883	0.4757	0.8267	0.8338	0.8338	0.8338
17	84.64	0.2681	0.8863	0.8925	0.8925	0.8925	0.4773	0.8289	0.8356	0.8356	0.8356
18	85.33	0.2596	0.8901	0.8959	0.8959	0.8959	0.4764	0.8278	0.8357	0.8357	0.8357
19	85.40	0.2517	0.8938	0.8994	0.8994	0.8994	0.4767	0.8318	0.8390	0.8390	0.8390
20	85.60	0.2439	0.8971	0.9025	0.9025	0.9025	0.4786	0.8357	0.8423	0.8423	0.8423
21	85.23	0.2379	0.8999	0.9051	0.9051	0.9051	0.4779	0.8352	0.8422	0.8422	0.8422
22	85.13	0.2312	0.9028	0.9078	0.9078	0.9078	0.4879	0.8377	0.8449	0.8449	0.8449
23	84.58	0.2257	0.9052	0.9101	0.9101	0.9101	0.4901	0.8404	0.8434	0.8434	0.8434
24	84.81	0.2204	0.9074	0.9121	0.9121	0.9121	0.4919	0.8421	0.8467	0.8467	0.8467
25	84.66	0.2157	0.9096	0.9142	0.9142	0.9142	0.4883	0.8389	0.8468	0.8468	0.8468
26	85.36	0.2112	0.9116	0.9159	0.9159	0.9159	0.4903	0.8367	0.8466	0.8466	0.8466
27	85.45	0.2076	0.9131	0.9174	0.9174	0.9174	0.4883	0.8401	0.8484	0.8484	0.8484
28	85.31	0.2031	0.9153	0.9195	0.9195	0.9195	0.4884	0.8424	0.8498	0.8498	0.8498
29	84.71	0.1998	0.9167	0.9208	0.9208	0.9208	0.4961	0.8437	0.8507	0.8507	0.8507
30	84.94	0.1961	0.9182	0.9222	0.9222	0.9222	0.5013	0.8457	0.8498	0.8498	0.8498
31	85.62	0.1929	0.9197	0.9235	0.9235	0.9235	0.5036	0.8457	0.8519	0.8519	0.8519
32	84.37	0.1906	0.9206	0.9243	0.9243	0.9243	0.4987	0.8459	0.8520	0.8520	0.8520
33	85.75	0.1879	0.9219	0.9256	0.9256	0.9256	0.5087	0.8460	0.8515	0.8515	0.8515
34	84.68	0.1845	0.9234	0.9269	0.9269	0.9269	0.5062	0.8464	0.8527	0.8527	0.8527
35	85.20	0.1817	0.9247	0.9282	0.9282	0.9282	0.5108	0.8478	0.8529	0.8529	0.8529
36	85.02	0.1799	0.9254	0.9289	0.9289	0.9289	0.5085	0.8473	0.8537	0.8537	0.8537
37	85.22	0.1772	0.9266	0.9300	0.9300	0.9300	0.5124	0.8513	0.8549	0.8549	0.8549
38	84.84	0.1754	0.9275	0.9307	0.9307	0.9307	0.5075	0.8483	0.8540	0.8540	0.8540
39	84.84	0.1731	0.9283	0.9315	0.9315	0.9315	0.5143	0.8490	0.8548	0.8548	0.8548
40	85.12	0.1712	0.9293	0.9325	0.9325	0.9325	0.5201	0.8510	0.8552	0.8552	0.8552
41	85.16	0.1694	0.9301	0.9332	0.9332	0.9332	0.5131	0.8500	0.8555	0.8555	0.8555
42	85.41	0.1678	0.9307	0.9337	0.9337	0.9337	0.5167	0.8522	0.8562	0.8562	0.8562
43	84.83	0.1660	0.9316	0.9345	0.9345	0.9345	0.5173	0.8491	0.8557	0.8557	0.8557
44	85.05	0.1638	0.9325	0.9354	0.9354	0.9354	0.5246	0.8519	0.8573	0.8573	0.8573
45	84.40	0.1625	0.9332	0.9360	0.9360	0.9360	0.5193	0.8508	0.8564	0.8564	0.8564
46	84.69	0.1609	0.9338	0.9366	0.9366	0.9366	0.5214	0.8504	0.8565	0.8565	0.8565
47	85.41	0.1593	0.9344	0.9372	0.9372	0.9372	0.5283	0.8532	0.8580	0.8580	0.8580
48	84.44	0.1577	0.9350	0.9378	0.9378	0.9378	0.5342	0.8533	0.8571	0.8571	0.8571
49	85.28	0.1570	0.9355	0.9381	0.9381	0.9381	0.5283	0.8519	0.8577	0.8577	0.8577
50	85.05	0.1554	0.9362	0.9389	0.9389	0.9389	0.5277	0.8533	0.8580	0.8580	0.8580
51	85.27	0.1541	0.9367	0.9394	0.9394	0.9394	0.5366	0.8546	0.8589	0.8589	0.8589
52	83.80	0.1522	0.9376	0.9402	0.9402	0.9402	0.5367	0.8541	0.8582	0.8582	0.8582
53	85.59	0.1518	0.9377	0.9402	0.9402	0.9402	0.5318	0.8538	0.8580	0.8580	0.8580
54	84.78	0.1507	0.9383	0.9408	0.9408	0.9408	0.5293	0.8547	0.8576	0.8576	0.8576
55	84.70	0.1488	0.9391	0.9415	0.9415	0.9415	0.5329	0.8535	0.8583	0.8583	0.8583
56	84.62	0.1482	0.9395	0.9419	0.9419	0.9419	0.5320	0.8541	0.8587	0.8587	0.8587
57	84.65	0.1470	0.9400	0.9424	0.9424	0.9424	0.5350	0.8552	0.8596	0.8596	0.8596
58	85.08	0.1455	0.9406	0.9429	0.9429	0.9429	0.5329	0.8532	0.8592	0.8592	0.8592
59	85.05	0.1451	0.9406	0.9429	0.9429	0.9429	0.5367	0.8547	0.8595	0.8595	0.8595
60	85.06	0.1441	0.9412	0.9435	0.9435	0.9435	0.5403	0.8563	0.8592	0.8592	0.8592
61	85.06	0.1432	0.9415	0.9438	0.9438	0.9438	0.5355	0.8550	0.8593	0.8593	0.8593
62	85.26	0.1421	0.9420	0.9442	0.9442	0.9442	0.5440	0.8550	0.8597	0.8597	0.8597
63	85.49	0.1415	0.9423	0.9444	0.9444	0.9444	0.5432	0.8555	0.8595	0.8595	0.8595
64	85.13	0.1409	0.9426	0.9448	0.9448	0.9448	0.5429	0.8553	0.8603	0.8603	0.8603
65	85.62	0.1400	0.9431	0.9452	0.9452	0.9452	0.5419	0.8560	0.8607	0.8607	0.8607
